# wn[cm-1] real imag
2.2573e+05 0.8228 1.640e-01
2.2173e+05 0.8250 1.730e-01
2.1786e+05 0.8255 1.830e-01
2.1368e+05 0.8258 1.950e-01
2.0964e+05 0.8263 2.080e-01
2.0576e+05 0.8281 2.230e-01
2.0161e+05 0.8347 2.400e-01
1.9763e+05 0.8428 2.500e-01
1.9342e+05 0.8483 2.590e-01
1.8939e+05 0.8505 2.680e-01
1.8553e+05 0.8497 2.790e-01
1.8149e+05 0.8489 2.970e-01
1.7730e+05 0.8519 3.190e-01
1.7331e+05 0.8566 3.400e-01
1.6949e+05 0.8647 3.660e-01
1.6529e+05 0.8797 3.920e-01
1.6129e+05 0.8970 4.160e-01
1.5723e+05 0.9173 4.400e-01
1.5314e+05 0.9400 4.640e-01
1.4925e+05 0.9679 4.920e-01
1.4514e+05 1.0093 5.170e-01
1.4124e+05 1.0536 5.280e-01
1.3717e+05 1.0986 5.330e-01
1.3550e+05 1.1183 5.340e-01
1.3316e+05 1.1449 5.310e-01
1.2903e+05 1.1885 5.240e-01
1.2500e+05 1.2273 5.100e-01
1.2092e+05 1.2629 5.000e-01
1.1696e+05 1.3117 4.990e-01
1.1287e+05 1.3807 4.680e-01
1.0893e+05 1.4091 3.800e-01
1.0753e+05 1.4028 3.600e-01
1.0482e+05 1.3948 3.390e-01
1.0081e+05 1.3964 3.180e-01
9.6805e+04 1.4047 2.910e-01
9.2764e+04 1.3981 2.510e-01
9.0909e+04 1.3886 2.440e-01
8.8731e+04 1.3806 2.390e-01
8.7719e+04 1.3772 2.390e-01
8.4674e+04 1.3783 2.440e-01
8.2645e+04 1.3929 2.470e-01
8.0645e+04 1.4061 2.240e-01
7.8616e+04 1.3999 1.950e-01
7.7220e+04 1.3777 1.740e-01
7.6628e+04 1.3607 1.720e-01
7.5815e+04 1.3389 1.800e-01
7.5019e+04 1.3210 1.940e-01
7.4184e+04 1.3030 2.130e-01
7.3421e+04 1.2871 2.430e-01
7.2993e+04 1.2849 2.710e-01
7.2569e+04 1.2851 2.890e-01
7.2098e+04 1.2970 3.340e-01
7.1788e+04 1.3151 3.440e-01
7.0972e+04 1.3575 3.820e-01
7.0175e+04 1.4130 4.010e-01
6.9686e+04 1.4525 4.065e-01
6.9348e+04 1.4845 4.050e-01
6.8966e+04 1.5157 3.890e-01
6.8540e+04 1.5484 3.770e-01
6.8120e+04 1.5729 3.450e-01
6.7751e+04 1.5915 3.320e-01
6.7568e+04 1.6021 3.150e-01
6.7340e+04 1.6077 2.980e-01
6.6934e+04 1.6156 2.740e-01
6.6138e+04 1.6220 2.280e-01
6.5317e+04 1.6311 1.980e-01
6.4935e+04 1.6345 1.720e-01
6.4516e+04 1.6363 1.560e-01
6.3735e+04 1.6353 1.100e-01
6.3291e+04 1.6309 8.300e-02
6.2933e+04 1.6214 5.800e-02
6.2112e+04 1.5818 2.200e-02
6.1350e+04 1.5482 8.473e-03
6.0606e+04 1.5225 3.263e-03
5.9880e+04 1.5027 1.256e-03
5.9172e+04 1.4870 4.837e-04
5.8480e+04 1.4743 1.862e-04
5.7803e+04 1.4635 7.165e-05
5.7143e+04 1.4543 2.757e-05
5.6497e+04 1.4462 1.061e-05
5.5866e+04 1.4390 4.081e-06
5.5249e+04 1.4326 1.570e-06
5.4645e+04 1.4268 5.403e-07
5.4054e+04 1.4215 1.829e-07
5.3476e+04 1.4167 6.218e-08
5.2910e+04 1.4122 2.113e-08
5.2356e+04 1.4081 7.181e-09
5.1813e+04 1.4043 2.440e-09
5.1282e+04 1.4007 8.289e-10
5.0761e+04 1.3974 2.816e-10
5.0251e+04 1.3943 9.565e-11
4.9751e+04 1.3914 3.249e-11
4.9529e+04 1.3901 2.000e-11
4.7619e+04 1.3801 2.000e-11
4.0000e+04 1.3509 2.000e-11
3.3333e+04 1.3339 2.000e-11
2.8571e+04 1.3249 2.000e-11
2.5641e+04 1.3203 2.000e-11
2.5000e+04 1.3194 2.365e-11
2.4390e+04 1.3185 2.669e-11
2.3810e+04 1.3177 3.135e-11
2.3256e+04 1.3170 4.140e-11
2.2727e+04 1.3163 6.268e-11
2.2222e+04 1.3157 9.239e-11
2.1739e+04 1.3151 1.325e-10
2.1277e+04 1.3145 1.956e-10
2.0833e+04 1.3140 2.861e-10
2.0408e+04 1.3135 4.172e-10
2.0000e+04 1.3130 5.889e-10
1.9608e+04 1.3126 8.036e-10
1.9231e+04 1.3121 1.076e-09
1.8868e+04 1.3117 1.409e-09
1.8519e+04 1.3114 1.813e-09
1.8182e+04 1.3110 2.289e-09
1.7857e+04 1.3106 2.839e-09
1.7544e+04 1.3103 3.461e-09
1.7241e+04 1.3100 4.159e-09
1.6949e+04 1.3097 4.930e-09
1.6667e+04 1.3094 5.730e-09
1.6393e+04 1.3091 6.890e-09
1.6129e+04 1.3088 8.580e-09
1.5873e+04 1.3085 1.040e-08
1.5625e+04 1.3083 1.220e-08
1.5385e+04 1.3080 1.430e-08
1.5152e+04 1.3078 1.660e-08
1.4925e+04 1.3076 1.890e-08
1.4706e+04 1.3073 2.090e-08
1.4493e+04 1.3071 2.400e-08
1.4286e+04 1.3069 2.900e-08
1.4085e+04 1.3067 3.440e-08
1.3889e+04 1.3065 4.030e-08
1.3699e+04 1.3062 4.300e-08
1.3514e+04 1.3060 4.920e-08
1.3333e+04 1.3059 5.870e-08
1.3158e+04 1.3057 7.080e-08
1.2987e+04 1.3055 8.580e-08
1.2821e+04 1.3053 1.020e-07
1.2658e+04 1.3051 1.180e-07
1.2500e+04 1.3049 1.340e-07
1.2346e+04 1.3047 1.400e-07
1.2195e+04 1.3046 1.430e-07
1.2048e+04 1.3044 1.450e-07
1.1905e+04 1.3042 1.510e-07
1.1765e+04 1.3040 1.830e-07
1.1628e+04 1.3039 2.150e-07
1.1494e+04 1.3037 2.650e-07
1.1364e+04 1.3035 3.350e-07
1.1236e+04 1.3033 3.920e-07
1.1111e+04 1.3032 4.200e-07
1.0989e+04 1.3030 4.440e-07
1.0870e+04 1.3028 4.740e-07
1.0753e+04 1.3027 5.110e-07
1.0638e+04 1.3025 5.530e-07
1.0526e+04 1.3023 6.020e-07
1.0417e+04 1.3022 7.550e-07
1.0309e+04 1.3020 9.260e-07
1.0204e+04 1.3019 1.120e-06
1.0101e+04 1.3017 1.330e-06
1.0000e+04 1.3015 1.620e-06
9.9010e+03 1.3014 2.000e-06
9.8039e+03 1.3012 2.250e-06
9.7087e+03 1.3010 2.330e-06
9.6154e+03 1.3009 2.330e-06
9.5238e+03 1.3007 2.170e-06
9.4340e+03 1.3005 1.960e-06
9.3458e+03 1.3003 1.810e-06
9.2593e+03 1.3002 1.740e-06
9.1743e+03 1.3000 1.730e-06
9.0909e+03 1.2998 1.700e-06
9.0090e+03 1.2997 1.760e-06
8.9286e+03 1.2995 1.820e-06
8.8496e+03 1.2993 2.040e-06
8.7719e+03 1.2991 2.250e-06
8.6957e+03 1.2990 2.290e-06
8.6207e+03 1.2988 3.040e-06
8.5470e+03 1.2986 3.840e-06
8.4746e+03 1.2984 4.770e-06
8.4034e+03 1.2982 5.760e-06
8.3333e+03 1.2980 6.710e-06
8.2645e+03 1.2979 8.660e-06
8.1967e+03 1.2977 1.020e-05
8.1301e+03 1.2975 1.130e-05
8.0645e+03 1.2973 1.220e-05
8.0000e+03 1.2971 1.290e-05
7.9365e+03 1.2969 1.320e-05
7.8740e+03 1.2967 1.350e-05
7.8125e+03 1.2965 1.330e-05
7.7519e+03 1.2963 1.320e-05
7.6923e+03 1.2961 1.320e-05
7.6336e+03 1.2959 1.310e-05
7.5758e+03 1.2957 1.320e-05
7.5188e+03 1.2955 1.320e-05
7.4627e+03 1.2953 1.340e-05
7.4074e+03 1.2951 1.390e-05
7.3529e+03 1.2949 1.420e-05
7.2993e+03 1.2946 1.480e-05
7.2464e+03 1.2944 1.580e-05
7.1942e+03 1.2941 1.740e-05
7.1429e+03 1.2939 1.980e-05
7.0922e+03 1.2937 3.442e-05
7.0423e+03 1.2934 5.959e-05
6.9930e+03 1.2931 1.028e-04
6.9444e+03 1.2929 1.516e-04
6.9013e+03 1.2927 2.030e-04
6.8493e+03 1.2924 2.942e-04
6.7981e+03 1.2921 3.987e-04
6.7522e+03 1.2920 4.941e-04
6.6979e+03 1.2918 5.532e-04
6.6489e+03 1.2916 5.373e-04
6.6007e+03 1.2914 5.143e-04
6.5488e+03 1.2912 4.908e-04
6.5020e+03 1.2909 4.594e-04
6.3980e+03 1.2903 3.858e-04
6.3012e+03 1.2897 3.105e-04
6.1996e+03 1.2890 2.659e-04
6.0606e+03 1.2879 2.361e-04
5.9524e+03 1.2870 2.046e-04
5.8824e+03 1.2863 1.875e-04
5.7803e+03 1.2853 1.650e-04
5.6818e+03 1.2843 1.522e-04
5.5556e+03 1.2828 1.411e-04
5.4645e+03 1.2816 1.302e-04
5.4348e+03 1.2811 1.310e-04
5.4054e+03 1.2807 1.339e-04
5.3908e+03 1.2805 1.377e-04
5.3763e+03 1.2802 1.432e-04
5.3476e+03 1.2797 1.632e-04
5.2910e+03 1.2788 2.566e-04
5.2493e+03 1.2780 4.081e-04
5.2002e+03 1.2771 7.060e-04
5.1493e+03 1.2762 1.108e-03
5.0994e+03 1.2756 1.442e-03
5.0505e+03 1.2750 1.614e-03
5.0000e+03 1.2744 1.640e-03
4.9505e+03 1.2736 1.566e-03
4.8996e+03 1.2728 1.458e-03
4.8497e+03 1.2718 1.267e-03
4.8008e+03 1.2707 1.023e-03
4.7506e+03 1.2694 7.586e-04
4.6948e+03 1.2677 5.255e-04
4.6512e+03 1.2663 4.025e-04
4.6083e+03 1.2648 3.235e-04
4.5662e+03 1.2633 2.707e-04
4.5045e+03 1.2609 2.228e-04
4.4643e+03 1.2591 2.037e-04
4.4543e+03 1.2587 2.026e-04
4.4444e+03 1.2582 2.035e-04
4.4248e+03 1.2573 2.078e-04
4.4053e+03 1.2564 2.171e-04
4.3668e+03 1.2545 2.538e-04
4.3290e+03 1.2525 3.138e-04
4.2918e+03 1.2504 3.858e-04
4.2553e+03 1.2482 4.591e-04
4.2194e+03 1.2459 5.187e-04
4.1841e+03 1.2435 5.605e-04
4.1494e+03 1.2409 5.956e-04
4.1152e+03 1.2382 6.259e-04
4.0650e+03 1.2337 6.820e-04
4.0000e+03 1.2270 7.530e-04
3.9683e+03 1.2232 7.685e-04
3.9216e+03 1.2169 7.647e-04
3.8986e+03 1.2135 7.473e-04
3.8760e+03 1.2097 7.392e-04
3.8610e+03 1.2071 7.437e-04
3.8462e+03 1.2043 7.543e-04
3.8168e+03 1.1983 8.059e-04
3.7383e+03 1.1776 1.367e-03
3.6697e+03 1.1507 3.508e-03
3.5997e+03 1.1083 1.346e-02
3.5499e+03 1.0657 3.245e-02
3.5298e+03 1.0453 4.572e-02
3.5100e+03 1.0236 6.287e-02
3.4904e+03 1.0001 8.548e-02
3.4698e+03 0.9747 1.198e-01
3.4495e+03 0.9563 1.690e-01
3.4305e+03 0.9538 2.210e-01
3.4095e+03 0.9678 2.760e-01
3.3898e+03 0.9873 3.120e-01
3.3704e+03 1.0026 3.470e-01
3.3501e+03 1.0180 3.880e-01
3.3300e+03 1.0390 4.380e-01
3.3102e+03 1.0722 4.930e-01
3.2895e+03 1.1259 5.540e-01
3.2701e+03 1.2089 6.120e-01
3.2499e+03 1.3215 6.250e-01
3.2300e+03 1.4225 5.930e-01
3.2103e+03 1.4933 5.390e-01
3.1898e+03 1.5478 4.910e-01
3.1696e+03 1.5970 4.380e-01
3.1496e+03 1.6336 3.720e-01
3.1299e+03 1.6477 3.000e-01
3.1104e+03 1.6405 2.380e-01
3.0902e+03 1.6248 1.930e-01
3.0703e+03 1.6108 1.580e-01
3.0497e+03 1.5905 1.210e-01
3.0303e+03 1.5714 1.030e-01
3.0102e+03 1.5559 8.360e-02
2.9895e+03 1.5396 6.680e-02
2.9700e+03 1.5241 5.312e-02
2.9499e+03 1.5086 4.286e-02
2.9300e+03 1.4949 3.523e-02
2.9104e+03 1.4827 2.887e-02
2.8902e+03 1.4710 2.347e-02
2.8703e+03 1.4604 1.921e-02
2.8498e+03 1.4502 1.586e-02
2.8297e+03 1.4411 1.326e-02
2.8098e+03 1.4328 1.130e-02
2.7594e+03 1.4146 8.146e-03
2.6795e+03 1.3924 6.672e-03
2.6490e+03 1.3850 6.966e-03
2.5994e+03 1.3750 8.248e-03
2.5195e+03 1.3623 1.112e-02
2.4396e+03 1.3526 1.471e-02
2.3590e+03 1.3447 1.867e-02
2.2999e+03 1.3406 2.411e-02
2.2795e+03 1.3401 2.656e-02
2.2502e+03 1.3412 2.990e-02
2.2198e+03 1.3444 3.179e-02
2.1993e+03 1.3473 3.090e-02
2.1930e+03 1.3482 3.007e-02
2.1834e+03 1.3491 2.883e-02
2.1191e+03 1.3470 1.940e-02
2.0392e+03 1.3379 1.347e-02
2.0000e+03 1.3325 1.240e-02
1.9608e+03 1.3268 1.220e-02
1.9231e+03 1.3212 1.302e-02
1.9001e+03 1.3176 1.380e-02
1.8519e+03 1.3100 1.683e-02
1.7999e+03 1.3013 2.232e-02
1.7501e+03 1.2933 3.256e-02
1.7400e+03 1.2917 3.539e-02
1.7301e+03 1.2906 3.883e-02
1.7200e+03 1.2902 4.270e-02
1.7100e+03 1.2904 4.643e-02
1.7001e+03 1.2915 5.045e-02
1.6499e+03 1.3015 6.439e-02
1.6300e+03 1.3083 6.560e-02
1.6000e+03 1.3152 6.360e-02
1.5901e+03 1.3167 6.265e-02
1.5800e+03 1.3178 6.170e-02
1.5701e+03 1.3187 6.101e-02
1.5601e+03 1.3194 6.031e-02
1.5499e+03 1.3201 5.964e-02
1.5399e+03 1.3207 5.899e-02
1.5200e+03 1.3214 5.780e-02
1.4999e+03 1.3219 5.700e-02
1.4799e+03 1.3229 5.680e-02
1.4499e+03 1.3242 5.428e-02
1.4201e+03 1.3244 5.161e-02
1.4000e+03 1.3236 4.940e-02
1.3801e+03 1.3229 4.840e-02
1.3600e+03 1.3218 4.600e-02
1.3399e+03 1.3200 4.440e-02
1.3200e+03 1.3183 4.290e-02
1.3001e+03 1.3158 4.041e-02
1.2801e+03 1.3123 3.911e-02
1.2599e+03 1.3086 3.819e-02
1.2399e+03 1.3047 3.760e-02
1.2200e+03 1.3007 3.724e-02
1.2000e+03 1.2964 3.700e-02
1.1799e+03 1.2917 3.677e-02
1.1500e+03 1.2835 3.654e-02
1.1199e+03 1.2735 3.664e-02
1.1000e+03 1.2655 3.706e-02
1.0800e+03 1.2561 3.789e-02
1.0500e+03 1.2387 4.026e-02
1.0200e+03 1.2151 4.450e-02
1.0000e+03 1.1926 5.008e-02
9.8039e+02 1.1659 6.461e-02
9.6993e+02 1.1501 7.500e-02
9.5969e+02 1.1323 8.800e-02
9.4967e+02 1.1136 1.080e-01
9.3985e+02 1.0971 1.340e-01
9.3023e+02 1.0867 1.680e-01
9.1996e+02 1.0833 2.040e-01
9.0909e+02 1.0886 2.480e-01
9.0009e+02 1.1023 2.800e-01
8.8028e+02 1.1439 3.410e-01
8.5985e+02 1.1983 3.790e-01
8.4034e+02 1.2546 4.090e-01
8.1967e+02 1.3194 4.220e-01
8.0000e+02 1.3822 4.220e-01
7.8003e+02 1.4412 4.030e-01
7.6982e+02 1.4683 3.890e-01
7.5988e+02 1.4928 3.740e-01
7.5019e+02 1.5132 3.540e-01
7.4019e+02 1.5300 3.350e-01
7.2993e+02 1.5458 3.150e-01
7.1994e+02 1.5596 2.940e-01
7.1023e+02 1.5701 2.710e-01
6.9979e+02 1.5775 2.460e-01
6.7981e+02 1.5762 1.980e-01
6.6007e+02 1.5637 1.640e-01
6.5020e+02 1.5559 1.520e-01
6.3980e+02 1.5481 1.420e-01
6.1996e+02 1.5353 1.280e-01
6.1013e+02 1.5302 1.250e-01
5.9988e+02 1.5294 1.230e-01
5.8997e+02 1.5306 1.160e-01
5.8005e+02 1.5303 1.070e-01
5.5005e+02 1.5141 7.900e-02
5.4585e+02 1.5104 7.752e-02
5.3735e+02 1.5043 7.455e-02
5.2994e+02 1.4982 7.200e-02
5.2002e+02 1.4939 7.600e-02
5.0994e+02 1.4963 7.500e-02
5.0000e+02 1.4986 6.700e-02
4.8996e+02 1.4956 5.500e-02
4.8008e+02 1.4877 4.500e-02
4.5005e+02 1.4575 2.900e-02
4.4248e+02 1.4486 2.750e-02
4.3384e+02 1.4390 2.700e-02
4.2373e+02 1.4282 2.730e-02
4.0650e+02 1.4102 2.890e-02
4.0000e+02 1.4030 3.000e-02
3.8462e+02 1.3854 3.400e-02
3.5002e+02 1.3404 5.122e-02
3.2258e+02 1.2969 8.615e-02
3.0003e+02 1.2641 1.348e-01
2.9002e+02 1.2530 1.615e-01
2.8058e+02 1.2445 1.895e-01
2.7027e+02 1.2371 2.227e-01
2.6151e+02 1.2317 2.528e-01
2.5253e+02 1.2243 2.853e-01
2.4307e+02 1.2054 3.240e-01
2.3386e+02 1.1742 3.945e-01
2.2946e+02 1.1549 4.521e-01
2.2432e+02 1.1496 5.535e-01
2.1978e+02 1.1853 6.782e-01
2.1668e+02 1.2543 7.684e-01
2.1409e+02 1.3474 8.254e-01
2.1115e+02 1.4725 8.458e-01
2.0833e+02 1.5874 8.158e-01
2.0500e+02 1.6841 7.414e-01
1.9988e+02 1.7505 6.191e-01
1.9501e+02 1.7649 5.353e-01
1.8957e+02 1.7668 4.780e-01
1.8692e+02 1.7687 4.599e-01
1.8437e+02 1.7792 4.468e-01
1.8182e+02 1.7955 4.214e-01
1.7940e+02 1.8052 3.860e-01
1.7730e+02 1.8041 3.508e-01
1.7544e+02 1.7940 3.196e-01
1.7403e+02 1.7805 2.981e-01
1.7123e+02 1.7410 2.659e-01
1.6866e+02 1.6930 2.569e-01
1.6667e+02 1.6610 2.785e-01
1.6393e+02 1.6419 3.076e-01
1.6327e+02 1.6396 3.146e-01
1.6000e+02 1.6372 3.471e-01
1.5679e+02 1.6471 3.748e-01
1.5463e+02 1.6596 3.902e-01
1.5249e+02 1.6754 4.024e-01
1.5026e+02 1.6945 4.115e-01
1.4793e+02 1.7167 4.167e-01
1.4493e+02 1.7466 4.167e-01
1.4178e+02 1.7780 4.089e-01
1.3699e+02 1.8185 3.830e-01
1.3333e+02 1.8419 3.543e-01
1.3108e+02 1.8504 3.340e-01
1.2500e+02 1.8617 2.944e-01
1.2053e+02 1.8669 2.679e-01
1.1765e+02 1.8688 2.519e-01
1.1521e+02 1.8699 2.390e-01
1.1013e+02 1.8698 2.140e-01
1.0508e+02 1.8681 1.913e-01
1.0000e+02 1.8654 1.706e-01
8.3333e+01 1.8499 1.151e-01
6.2500e+01 1.8268 6.684e-02
4.7619e+01 1.8114 4.282e-02
3.3333e+01 1.7989 2.549e-02
2.0000e+01 1.7908 1.405e-02
7.6923e+00 1.7868 5.173e-03
2.0000e+00 1.7861 1.337e-03
5.2632e-01 1.7861 3.574e-04
2.5641e-01 1.7861 1.839e-04
1.6393e-01 1.7861 1.294e-04
1.1628e-01 1.7861 1.058e-04
9.0909e-02 1.7861 9.675e-05
7.1429e-02 1.7861 9.360e-05
5.5556e-02 1.7861 9.613e-05
4.1667e-02 1.7861 1.066e-04
2.9412e-02 1.7861 1.312e-04
1.8519e-02 1.7861 1.895e-04
1.0000e-02 1.7861 3.348e-04
5.0000e-03 1.7861 6.596e-04
