# $1 = time (seconds since 2000-01-01T00:00Z)
# $2 = altitude [km]
# $3 = longitude [deg]
# $4 = latitude [deg]
# $5 = pressure [hPa]
# $6 = temperature [K]
# $7 = CO2 volume mixing ratio
# $8 = H2O volume mixing ratio
# $9 = O3 volume mixing ratio
# $10 = window 0: extinction [1/km]

0.00 0 0 0 1010 256.7 0.0003685 0.002103 1e-08 0
0.00 1 0 0 882.744 251.7 0.0003685 0.001598 1e-08 0
0.00 2 0 0 769.474 246.7 0.0003685 0.001199 1.487e-08 0
0.00 3 0 0 668.884 241.7 0.0003685 0.0008597 1.993e-08 0
0.00 4 0 0 579.769 236.7 0.0003685 0.0006336 2.239e-08 0
0.00 5 0 0 501.019 231.7 0.0003685 0.000451 2.497e-08 0
0.00 6 0 0 431.608 226.7 0.0003685 0.0003041 2.84e-08 0
0.00 7 0 0 370.597 221.7 0.0003685 0.0002004 3.322e-08 0
0.00 8 0 0 317.121 216.7 0.0003685 0.0001303 4.187e-08 0
0.00 9 0 0 270.391 211.7 0.0003685 8.161e-05 5.508e-08 0
0.00 10 0 0 229.681 206.7 0.0003685 4.3e-05 7.165e-08 0
0.00 11 0 0 194.332 201.7 0.0003685 9.276e-06 1.056e-07 0
0.00 12 0 0 164.038 200.9 0.0003685 5.663e-06 1.451e-07 0
0.00 13 0 0 138.382 200.15 0.0003685 2.748e-06 2.072e-07 0
0.00 14 0 0 116.671 199.4 0.0003684 2.313e-06 3.246e-07 0
0.00 15 0 0 98.3073 198.63 0.000368 2.281e-06 5.097e-07 0
0.00 16 0 0 82.7838 197.87 0.0003673 2.527e-06 6.69e-07 0
0.00 17 0 0 69.6689 197.1 0.0003663 2.903e-06 9.027e-07 0
0.00 18 0 0 58.5971 196.4 0.0003652 3.099e-06 1.172e-06 0
0.00 19 0 0 49.256 195.65 0.0003642 3.266e-06 1.433e-06 0
0.00 20 0 0 41.3786 194.9 0.000363 3.452e-06 1.931e-06 0
0.00 21 0 0 34.7784 196.65 0.000363 3.611e-06 2.355e-06 0
0.00 22 0 0 29.2776 198.4 0.000363 3.882e-06 2.641e-06 0
0.00 23 0 0 24.685 200.1 0.000363 4.157e-06 2.874e-06 0
0.00 24 0 0 20.8445 201.87 0.000363 4.462e-06 3.092e-06 0
0.00 25 0 0 17.6284 203.63 0.000363 4.859e-06 3.315e-06 0
0.00 26 0 0 14.9308 205.4 0.000363 5.21e-06 3.512e-06 0
0.00 27 0 0 12.6647 207.15 0.000363 5.425e-06 3.816e-06 0
0.00 28 0 0 10.7579 208.9 0.000363 5.582e-06 4.071e-06 0
0.00 29 0 0 9.15092 210.6 0.000363 5.707e-06 4.314e-06 0
0.00 30 0 0 7.79472 212.37 0.000363 5.772e-06 4.533e-06 0
0.00 31 0 0 6.64867 214.13 0.000363 5.827e-06 4.717e-06 0
0.00 32 0 0 5.67881 215.9 0.000363 5.887e-06 4.839e-06 0
0.00 33 0 0 4.85766 218.1 0.000363 5.941e-06 4.921e-06 0
0.00 34 0 0 4.16197 220.3 0.000363 5.984e-06 4.989e-06 0
0.00 35 0 0 3.57157 222.5 0.000363 5.982e-06 5.017e-06 0
0.00 36 0 0 3.06988 224.9 0.000363 5.981e-06 5.041e-06 0
0.00 37 0 0 2.64304 227.3 0.000363 5.98e-06 5.041e-06 0
0.00 38 0 0 2.27923 229.7 0.000363 5.982e-06 4.99e-06 0
0.00 39 0 0 1.96867 232.2 0.000363 5.983e-06 4.944e-06 0
0.00 40 0 0 1.70318 234.7 0.000363 5.987e-06 4.804e-06 0
0.00 41 0 0 1.4758 237.15 0.000363 5.994e-06 4.567e-06 0
0.00 42 0 0 1.28072 239.6 0.000363 6e-06 4.369e-06 0
0.00 43 0 0 1.11308 242.07 0.000363 5.986e-06 4.118e-06 0
0.00 44 0 0 0.968805 244.53 0.000363 5.952e-06 3.801e-06 0
0.00 45 0 0 0.84444 247 0.000363 5.922e-06 3.522e-06 0
0.00 46 0 0 0.737085 249.5 0.000363 5.901e-06 3.286e-06 0
0.00 47 0 0 0.644269 251.95 0.000363 5.885e-06 3.07e-06 0
0.00 48 0 0 0.563898 254.4 0.000363 5.871e-06 2.868e-06 0
0.00 49 0 0 0.494204 256.85 0.000363 5.85e-06 2.651e-06 0
0.00 50 0 0 0.433684 259.3 0.000363 5.82e-06 2.397e-06 0
0.00 51 0 0 0.380906 260.14 0.000363 5.794e-06 2.172e-06 0
0.00 52 0 0 0.334704 260.98 0.000363 5.765e-06 1.957e-06 0
0.00 53 0 0 0.294176 260.94 0.000363 5.732e-06 1.752e-06 0
0.00 54 0 0 0.258505 260.02 0.000363 5.702e-06 1.573e-06 0
0.00 55 0 0 0.227064 259.1 0.000363 5.674e-06 1.431e-06 0
0.00 56 0 0 0.199319 257.3 0.000363 5.646e-06 1.327e-06 0
0.00 57 0 0 0.174811 255.5 0.000363 5.621e-06 1.232e-06 0
0.00 58 0 0 0.153188 253.86 0.000363 5.406e-06 1.139e-06 0
0.00 59 0 0 0.134135 252.38 0.000363 5.126e-06 1.052e-06 0
0.00 60 0 0 0.117365 250.9 0.000363 4.77e-06 9.765e-07 0
0.00 61 0 0 0.102642 250.38 0.000363 4.479e-06 9.1e-07 0
0.00 62 0 0 0.0897437 249.86 0.000363 4.248e-06 8.526e-07 0
0.00 63 0 0 0.0784484 249.36 0.000363 4.017e-06 8.021e-07 0
0.00 64 0 0 0.0685595 248.88 0.000363 3.786e-06 7.562e-07 0
0.00 65 0 0 0.059904 248.4 0.000363 3.588e-06 7.195e-07 0
0.00 66 0 0 0.0523327 248.12 0.000363 3.39e-06 6.86e-07 0
0.00 67 0 0 0.0457132 247.84 0.000363 3.224e-06 6.3e-07 0
0.00 68 0 0 0.0399232 247.24 0.000363 3.059e-06 5.79e-07 0
0.00 69 0 0 0.0348534 246.32 0.0003625 2.893e-06 5.38e-07 0
0.00 70 0 0 0.0304132 245.4 0.0003617 2.728e-06 5e-07 0
0.00 71 0 0 0.0265172 243.26 0.0003604 2.939e-06 4.6e-07 0
0.00 72 0 0 0.0230933 241.12 0.0003586 3.166e-06 4.23e-07 0
0.00 73 0 0 0.0200876 238.98 0.0003564 3.426e-06 3.9e-07 0
0.00 74 0 0 0.017452 236.84 0.0003541 3.719e-06 3.59e-07 0
0.00 75 0 0 0.0151435 234.7 0.0003519 4.012e-06 3.41e-07 0
0.00 76 0 0 0.0131237 232.54 0.0003495 4.354e-06 3.24e-07 0
0.00 77 0 0 0.0113587 230.38 0.0003471 4.712e-06 3.18e-07 0
0.00 78 0 0 0.00981818 228.22 0.0003447 5.103e-06 3.12e-07 0
0.00 79 0 0 0.00847519 226.06 0.0003421 5.526e-06 3.06e-07 0
0.00 80 0 0 0.00730592 223.9 0.0003394 5.983e-06 3e-07 0
