# $1 = time (seconds since 2000-01-01T00:00Z)
# $2 = altitude [km]
# $3 = longitude [deg]
# $4 = latitude [deg]
# $5 = pressure [hPa]
# $6 = temperature [K]
# $7 = CO2 volume mixing ratio
# $8 = H2O volume mixing ratio
# $9 = O3 volume mixing ratio
# $10 = window 0: extinction [1/km]

0.00 79.9999 0 8.57067 0.00730602 223.9 0.000368241 5.98296e-06 3.00001e-07 0

0.00 79.0033 0 8.5117 0.00847101 226.053 0.000368241 5.52752e-06 3.0598e-07 0

0.00 78.0068 0 8.4523 0.00980839 228.205 0.000368241 5.10587e-06 3.11959e-07 0

0.00 77.0103 0 8.39247 0.0113417 230.358 0.000368241 4.71603e-06 3.17938e-07 0

0.00 76.0139 0 8.3322 0.0130974 232.51 0.000368241 4.35896e-06 3.23917e-07 0

0.00 75.0175 0 8.27147 0.0151057 234.662 0.000368241 4.01798e-06 3.40703e-07 0

0.00 74.0212 0 8.21029 0.0173997 236.795 0.000368241 3.7252e-06 3.58619e-07 0

0.00 73.0249 0 8.14863 0.0200174 238.927 0.000368241 3.43329e-06 3.89229e-07 0

0.00 72.0287 0 8.08649 0.0230012 241.059 0.000368241 3.17345e-06 4.22054e-07 0

0.00 71.0325 0 8.02386 0.0263983 243.19 0.000368241 2.94638e-06 4.58797e-07 0

0.00 70.0364 0 7.96072 0.0302617 245.322 0.000368241 2.73569e-06 4.98543e-07 0

0.00 69.0404 0 7.89706 0.034662 246.283 0.000368241 2.88633e-06 5.36465e-07 0

0.00 68.0444 0 7.83288 0.039683 247.199 0.000368241 3.05162e-06 5.77178e-07 0

0.00 67.0485 0 7.76815 0.0454137 247.811 0.000368241 3.21599e-06 6.27524e-07 0

0.00 66.0527 0 7.70287 0.0519609 248.105 0.000368241 3.38125e-06 6.83048e-07 0

0.00 65.057 0 7.63701 0.0594447 248.384 0.000368241 3.57672e-06 7.17592e-07 0

0.00 64.0613 0 7.57057 0.0679947 248.851 0.000368241 3.77386e-06 7.53951e-07 0

0.00 63.0657 0 7.50353 0.0777571 249.328 0.000368241 4.00182e-06 7.99085e-07 0

0.00 62.0702 0 7.43588 0.0889005 249.825 0.000368241 4.23179e-06 8.49056e-07 0

0.00 61.0747 0 7.36759 0.101617 250.341 0.000368241 4.46173e-06 9.0571e-07 0

0.00 60.0794 0 7.29865 0.116123 250.859 0.000368241 4.7469e-06 9.7122e-07 0

0.00 59.0841 0 7.22904 0.132636 252.255 0.000368241 5.09605e-06 1.04565e-06 0

0.00 58.089 -2.43531e-15 7.15874 0.151388 253.728 0.000368241 5.38109e-06 1.13126e-06 0

0.00 57.0939 -1.01394e-14 7.08773 0.172657 255.346 0.000368241 5.60081e-06 1.22327e-06 0

0.00 56.0989 -2.39163e-14 7.016 0.196748 257.122 0.000368241 5.64353e-06 1.3176e-06 0

0.00 55.1041 -4.46971e-14 6.94351 0.224005 258.913 0.000368241 5.67109e-06 1.42018e-06 0

0.00 54.1093 -7.36935e-14 6.87024 0.254866 259.919 0.000368241 5.69894e-06 1.55747e-06 0

0.00 53.1147 -1.12333e-13 6.79618 0.289847 260.834 0.000368241 5.72856e-06 1.73147e-06 0

0.00 52.1202 -1.6234e-13 6.72129 0.329552 260.975 0.000368241 5.76103e-06 1.93236e-06 0

0.00 51.1258 -2.25965e-13 6.64554 0.374761 260.246 0.000368241 5.79035e-06 2.14496e-06 0

0.00 50.1315 -3.05767e-13 6.56891 0.426345 259.41 0.000368241 5.81658e-06 2.36741e-06 0

0.00 49.1374 -4.05119e-13 6.49137 0.485413 257.187 0.000368241 5.84588e-06 2.6161e-06 0

0.00 48.1434 -5.28181e-13 6.41288 0.553329 254.751 0.000368241 5.86799e-06 2.83688e-06 0

0.00 47.1496 -6.79569e-13 6.33341 0.631555 252.316 0.000368241 5.88291e-06 3.03978e-06 0

0.00 46.1559 -8.64861e-13 6.25293 0.721779 249.882 0.000368241 5.89851e-06 3.25232e-06 0

0.00 45.1624 -1.09084e-12 6.17138 0.825997 247.406 0.000368241 5.91859e-06 3.48367e-06 0

0.00 44.1691 -1.36573e-12 6.08874 0.946559 244.948 0.000368241 5.94693e-06 3.75383e-06 0

0.00 43.1759 -1.69949e-12 6.00495 1.08622 242.503 0.000368241 5.98002e-06 4.06223e-06 0

0.00 42.183 -2.10432e-12 5.91998 1.24826 240.052 0.000368241 5.99744e-06 4.32307e-06 0

0.00 41.1902 -2.59509e-12 5.83376 1.43653 237.616 0.000368241 5.99514e-06 4.52933e-06 0

0.00 40.1977 -3.19003e-12 5.74624 1.65561 235.184 0.000368241 5.98838e-06 4.75715e-06 0

0.00 39.2054 -3.91171e-12 5.65738 1.91096 232.714 0.000368241 5.98382e-06 4.91524e-06 0

0.00 38.2273 -4.77438e-12 5.56837 2.2046 230.268 0.000368241 5.98223e-06 4.97955e-06 0

0.00 37.2646 -5.80203e-12 5.47933 2.54148 227.935 0.000368241 5.98053e-06 5.02751e-06 0

0.00 36.3174 -7.02367e-12 5.39026 2.92743 225.662 0.000368241 5.98068e-06 5.041e-06 0

0.00 35.3856 -8.47351e-12 5.30118 3.36906 223.425 0.000368241 5.98161e-06 5.02625e-06 0

0.00 34.4693 -1.01907e-11 5.21206 3.87362 221.333 0.000368241 5.98306e-06 5.00214e-06 0

0.00 33.5685 -1.22189e-11 5.12292 4.44902 219.351 0.000368241 5.96545e-06 4.95966e-06 0

0.00 32.6832 -1.46098e-11 5.03375 5.10409 217.403 0.000368241 5.92389e-06 4.89502e-06 0

0.00 31.8133 -1.74249e-11 4.94456 5.84848 215.57 0.000368241 5.8758e-06 4.81622e-06 0

0.00 30.9589 -2.07318e-11 4.85535 6.69228 214.058 0.000368241 5.82474e-06 4.70944e-06 0

0.00 30.12 -2.46074e-11 4.76611 7.64742 212.581 0.000368241 5.7786e-06 4.55507e-06 0

0.00 29.2965 -2.91431e-11 4.67685 8.72585 211.125 0.000368241 5.72627e-06 4.37894e-06 0

0.00 28.4886 -3.44427e-11 4.58757 9.94032 209.731 0.000368241 5.64307e-06 4.18972e-06 0

0.00 27.6961 -4.06213e-11 4.49826 11.3049 208.368 0.000368241 5.53428e-06 3.99349e-06 0

0.00 26.919 -4.78117e-11 4.40894 12.8346 207.008 0.000368241 5.40759e-06 3.79139e-06 0

0.00 26.1575 -5.61691e-11 4.31959 14.5488 205.676 0.000368241 5.24386e-06 3.55987e-06 0

0.00 25.4114 -6.58702e-11 4.23022 16.4642 204.358 0.000368241 5.00339e-06 3.39604e-06 0

0.00 24.6807 -7.71084e-11 4.14083 18.5973 203.068 0.000368241 4.73224e-06 3.2438e-06 0

0.00 23.9655 -9.01023e-11 4.05141 20.9665 201.809 0.000368241 4.45147e-06 3.08448e-06 0

0.00 23.2657 -1.05106e-10 3.96198 23.6005 200.57 0.000368241 4.23803e-06 2.93192e-06 0

0.00 22.5813 -1.22404e-10 3.87253 26.513 199.388 0.000368241 4.04186e-06 2.77644e-06 0

0.00 21.9123 -1.42304e-10 3.78307 29.723 198.247 0.000368241 3.85824e-06 2.61592e-06 0

0.00 21.2587 -1.65154e-10 3.69358 33.2633 197.103 0.000368241 3.68111e-06 2.42899e-06 0

0.00 20.6204 -1.91357e-10 3.60407 37.1496 195.986 0.000368241 3.55065e-06 2.19406e-06 0

0.00 19.9975 -2.21341e-10 3.51455 41.3967 194.902 0.000368241 3.45153e-06 1.92975e-06 0

0.00 19.3899 -2.55406e-10 3.42501 46.0207 195.358 0.000368241 3.33851e-06 1.62715e-06 0

0.00 18.7975 -2.93855e-10 3.33546 51.0187 195.802 0.000368241 3.23219e-06 1.38015e-06 0

0.00 18.2204 -3.37144e-10 3.24588 56.3963 196.235 0.000368241 3.13581e-06 1.22954e-06 0

0.00 17.6586 -3.85758e-10 3.1563 62.1637 196.639 0.000368241 3.03209e-06 1.08006e-06 0

0.00 17.112 -4.40224e-10 3.06669 68.332 197.022 0.000368241 2.92494e-06 9.32849e-07 0

0.00 16.5805 -5.01091e-10 2.97707 74.897 197.423 0.000368241 2.74526e-06 8.04657e-07 0

0.00 16.0641 -5.68943e-10 2.88744 81.8733 197.821 0.000368241 2.55111e-06 6.83985e-07 0

0.00 15.5629 -6.44401e-10 2.79779 89.243 198.202 0.000368241 2.41946e-06 5.99362e-07 0

0.00 15.0766 -7.28122e-10 2.70813 97.0211 198.572 0.000368241 2.29985e-06 5.21907e-07 0

0.00 14.6054 -8.20791e-10 2.61846 105.18 198.934 0.000368241 2.29363e-06 4.36661e-07 0

0.00 14.1491 -9.23126e-10 2.52877 113.729 199.285 0.000368241 2.30823e-06 3.52205e-07 0

0.00 13.7078 -1.03588e-09 2.43907 122.637 199.619 0.000368241 2.44012e-06 2.90291e-07 0

0.00 13.2812 -1.15983e-09 2.34936 131.897 199.939 0.000368241 2.62566e-06 2.40218e-07 0

0.00 12.8695 -1.29581e-09 2.25964 141.487 200.248 0.000368241 3.12837e-06 1.99097e-07 0

0.00 12.4725 -1.44465e-09 2.16991 151.371 200.546 0.000368241 4.28559e-06 1.74444e-07 0

0.00 12.0902 -1.6072e-09 2.08016 161.54 200.832 0.000368241 5.40003e-06 1.50702e-07 0

0.00 11.7225 -1.78432e-09 1.99041 171.936 201.122 0.000368241 6.66551e-06 1.3414e-07 0

0.00 11.3694 -1.9769e-09 1.90065 182.539 201.404 0.000368241 7.94136e-06 1.20191e-07 0

0.00 11.0308 -2.18587e-09 1.81087 193.321 201.675 0.000368241 9.16482e-06 1.06815e-07 0

0.00 10.7067 -2.4109e-09 1.72109 204.096 203.167 0.000368241 1.91683e-05 9.56414e-08 0

0.00 10.3971 -2.65157e-09 1.6313 214.932 204.714 0.000368241 2.96076e-05 8.51322e-08 0

0.00 10.1021 -2.9086e-09 1.5415 225.796 206.19 0.000368241 3.95576e-05 7.51155e-08 0

0.00 9.82151 -3.18249e-09 1.45169 236.469 207.592 0.000368241 4.98915e-05 6.86924e-08 0

0.00 9.55538 -3.47369e-09 1.36188 246.964 208.923 0.000368241 6.01666e-05 6.42827e-08 0

0.00 9.30366 -3.78286e-09 1.27206 257.32 210.182 0.000368241 6.98858e-05 6.01116e-08 0

0.00 9.06628 -4.11069e-09 1.18223 267.482 211.369 0.000368241 7.90508e-05 5.61783e-08 0

0.00 8.84324 -4.45753e-09 1.0924 277.233 212.484 0.000368241 8.92428e-05 5.30092e-08 0

0.00 8.63449 -4.82375e-09 1.00256 286.614 213.528 0.000368241 9.94065e-05 5.02517e-08 0

0.00 8.44002 -5.20992e-09 0.912712 295.639 214.5 0.000368241 0.000108876 4.76826e-08 0

0.00 8.25977 -5.61658e-09 0.822862 304.257 215.401 0.000368241 0.000117652 4.53015e-08 0

0.00 8.09371 -6.04426e-09 0.733007 312.419 216.231 0.000368241 0.000125737 4.31079e-08 0

0.00 7.9418 -6.49347e-09 0.643148 320.01 216.991 0.000368241 0.00013438 4.13666e-08 0

0.00 7.80405 -6.96435e-09 0.553285 326.954 217.68 0.000368241 0.000144036 4.0175e-08 0

0.00 7.68043 -7.45705e-09 0.463418 333.313 218.298 0.000368241 0.000152702 3.91057e-08 0

0.00 7.57093 -7.97193e-09 0.373548 339.05 218.845 0.000368241 0.000160378 3.81585e-08 0

0.00 7.47552 -8.50933e-09 0.283676 344.128 219.322 0.000368241 0.000167066 3.73332e-08 0

0.00 7.39417 -9.06954e-09 0.193801 348.518 219.729 0.000368241 0.000172769 3.66296e-08 0

0.00 7.32688 -9.65282e-09 0.103924 352.192 220.066 0.000368241 0.000177486 3.60475e-08 0

0.00 7.27363 -1.02594e-08 0.0140459 355.127 220.332 0.000368241 0.000181219 3.55869e-08 0

0.00 7.2344 -1.08894e-08 -0.0758337 357.304 220.528 0.000368241 0.000183969 3.52476e-08 0

0.00 7.20919 -1.1543e-08 -0.165714 358.711 220.654 0.000368241 0.000185736 3.50295e-08 0

0.00 7.19799 -1.22203e-08 -0.255595 359.337 220.71 0.000368241 0.000186521 3.49326e-08 0

0.00 7.2008 -1.29213e-08 -0.345476 359.18 220.696 0.000368241 0.000186324 3.49569e-08 0

0.00 7.21762 -1.36459e-08 -0.435357 358.24 220.612 0.000368241 0.000185145 3.51024e-08 0

0.00 7.24846 -1.43943e-08 -0.525237 356.523 220.458 0.000368241 0.000182983 3.53691e-08 0

0.00 7.29331 -1.51661e-08 -0.615116 354.039 220.233 0.000368241 0.000179839 3.57571e-08 0

0.00 7.35219 -1.59614e-08 -0.704994 350.806 219.939 0.000368241 0.000175711 3.62665e-08 0

0.00 7.42512 -1.67799e-08 -0.79487 346.841 219.574 0.000368241 0.000170599 3.68973e-08 0

0.00 7.51211 -1.76213e-08 -0.884744 342.172 219.139 0.000368241 0.000164501 3.76497e-08 0

0.00 7.61317 -1.84855e-08 -0.974616 336.825 218.634 0.000368241 0.000157417 3.85239e-08 0

0.00 7.72834 -1.93721e-08 -1.06448 330.834 218.058 0.000368241 0.000149344 3.95201e-08 0

0.00 7.85762 -2.02807e-08 -1.15435 324.236 217.412 0.000368241 0.000140281 4.06384e-08 0

0.00 8.00106 -2.1211e-08 -1.24421 317.067 216.695 0.000368241 0.000130248 4.1884e-08 0

0.00 8.15865 -2.21628e-08 -1.33407 309.201 215.907 0.000368241 0.000122575 4.39658e-08 0

0.00 8.33042 -2.3136e-08 -1.42392 300.849 215.048 0.000368241 0.000114212 4.62349e-08 0

0.00 8.51639 -2.413e-08 -1.51377 292.061 214.118 0.000368241 0.000105157 4.86915e-08 0

0.00 8.71661 -2.51444e-08 -1.60361 282.887 213.117 0.000368241 9.54085e-05 5.13364e-08 0

0.00 8.9311 -2.61784e-08 -1.69345 273.377 212.045 0.000368241 8.49648e-05 5.41698e-08 0

0.00 9.1599 -2.72319e-08 -1.78328 263.427 210.901 0.000368241 7.54364e-05 5.77295e-08 0

0.00 9.40302 -2.83045e-08 -1.87311 253.181 209.685 0.000368241 6.60495e-05 6.1758e-08 0

0.00 9.66051 -2.93955e-08 -1.96293 242.764 208.397 0.000368241 5.61077e-05 6.60247e-08 0

0.00 9.93242 -3.05042e-08 -2.05274 232.228 207.038 0.000368241 4.56093e-05 7.05302e-08 0

0.00 10.2188 -3.16302e-08 -2.14254 221.435 205.606 0.000368241 3.56221e-05 7.90773e-08 0

0.00 10.5196 -3.27731e-08 -2.23234 210.577 204.102 0.000368241 2.54769e-05 8.92906e-08 0

0.00 10.835 -3.39321e-08 -2.32212 199.767 202.525 0.000368241 1.48418e-05 9.99969e-08 0

0.00 11.1648 -3.51064e-08 -2.4119 188.979 201.568 0.000368241 8.68052e-06 1.1211e-07 0

0.00 11.5091 -3.62966e-08 -2.50167 178.267 201.293 0.000368241 7.43649e-06 1.25711e-07 0

0.00 11.868 -3.75028e-08 -2.59143 167.749 201.006 0.000368241 6.13998e-06 1.39885e-07 0

0.00 12.2414 -3.87241e-08 -2.68118 157.439 200.719 0.000368241 4.95928e-06 1.60092e-07 0

0.00 12.6295 -3.99598e-08 -2.77092 147.383 200.428 0.000368241 3.82804e-06 1.84191e-07 0

0.00 13.0323 -4.12088e-08 -2.86065 137.622 200.126 0.000368241 2.73396e-06 2.10988e-07 0

0.00 13.4498 -4.24704e-08 -2.95037 128.157 199.813 0.000368241 2.55234e-06 2.60007e-07 0

0.00 13.8822 -4.37438e-08 -3.04007 119.041 199.488 0.000368241 2.36426e-06 3.10765e-07 0

0.00 14.3294 -4.50281e-08 -3.12977 110.272 199.146 0.000368241 2.30246e-06 3.85569e-07 0

0.00 14.7915 -4.63226e-08 -3.21945 101.881 198.791 0.000368241 2.28767e-06 4.71112e-07 0

0.00 15.2686 -4.76265e-08 -3.30912 93.8715 198.426 0.000368241 2.34709e-06 5.52495e-07 0

0.00 15.7608 -4.89391e-08 -3.39877 86.2583 198.052 0.000368241 2.46815e-06 6.30892e-07 0

0.00 16.268 -5.02598e-08 -3.48841 79.0447 197.664 0.000368241 2.62776e-06 7.31625e-07 0

0.00 16.7903 -5.15879e-08 -3.57804 72.2353 197.261 0.000368241 2.82414e-06 8.53685e-07 0

0.00 17.3277 -5.29228e-08 -3.66765 65.8276 196.871 0.000368241 2.96723e-06 9.90951e-07 0

0.00 17.8803 -5.42639e-08 -3.75725 59.8235 196.484 0.000368241 3.07554e-06 1.13977e-06 0

0.00 18.4481 -5.56107e-08 -3.84683 54.2098 196.064 0.000368241 3.17384e-06 1.28897e-06 0

0.00 19.0312 -5.69627e-08 -3.9364 48.9887 195.627 0.000368241 3.27181e-06 1.44855e-06 0

0.00 19.6296 -5.83194e-08 -4.02595 44.1379 195.178 0.000368241 3.3831e-06 1.74653e-06 0

0.00 20.2432 -5.96804e-08 -4.11548 39.6662 195.326 0.000368241 3.49067e-06 2.03413e-06 0

0.00 20.8722 -6.10453e-08 -4.205 35.5595 196.426 0.000368241 3.59068e-06 2.30081e-06 0

0.00 21.5165 -6.24138e-08 -4.2945 31.8192 197.554 0.000368241 3.75097e-06 2.50272e-06 0

0.00 22.1762 -6.37856e-08 -4.38398 28.4107 198.699 0.000368241 3.93044e-06 2.68204e-06 0

0.00 22.8512 -6.51602e-08 -4.47344 25.3197 199.847 0.000368241 4.11608e-06 2.83933e-06 0

0.00 23.5417 -6.65374e-08 -4.56288 22.5244 201.059 0.000368241 4.3222e-06 2.99208e-06 0

0.00 24.2475 -6.79167e-08 -4.6523 19.9976 202.306 0.000368241 4.56026e-06 3.1472e-06 0

0.00 24.9688 -6.92981e-08 -4.7417 17.7208 203.575 0.000368241 4.84662e-06 3.30805e-06 0

0.00 25.7056 -7.06811e-08 -4.83109 15.6791 204.879 0.000368241 5.10665e-06 3.45399e-06 0

0.00 26.4577 -7.20656e-08 -4.92045 13.8471 206.201 0.000368241 5.30841e-06 3.65115e-06 0

0.00 27.2254 -7.34515e-08 -5.00979 12.2074 207.544 0.000368241 5.46039e-06 3.87348e-06 0

0.00 28.0085 -7.48385e-08 -5.09911 10.7431 208.914 0.000368241 5.58306e-06 4.07307e-06 0

0.00 28.8071 -7.62265e-08 -5.18841 9.44101 210.272 0.000368241 5.68289e-06 4.26713e-06 0

0.00 29.6212 -7.76154e-08 -5.27768 8.28308 211.699 0.000368241 5.74738e-06 4.45003e-06 0

0.00 30.4507 -7.9005e-08 -5.36693 7.25559 213.163 0.000368241 5.79679e-06 4.61593e-06 0

0.00 31.2957 -8.03953e-08 -5.45616 6.34578 214.653 0.000368241 5.84474e-06 4.75308e-06 0

0.00 32.1562 -8.17862e-08 -5.54536 5.54194 216.244 0.000368241 5.89543e-06 4.85181e-06 0

0.00 33.0322 -8.31776e-08 -5.63454 4.83357 218.171 0.000368241 5.94238e-06 4.92319e-06 0

0.00 33.9236 -8.45695e-08 -5.7237 4.2114 220.132 0.000368241 5.98072e-06 4.98381e-06 0

0.00 34.8305 -8.59617e-08 -5.81283 3.66538 222.127 0.000368241 5.98234e-06 5.01225e-06 0

0.00 35.7529 -8.73543e-08 -5.90194 3.18688 224.307 0.000368241 5.98125e-06 5.03507e-06 0

0.00 36.6907 -8.87471e-08 -5.99102 2.76829 226.558 0.000368241 5.98031e-06 5.041e-06 0

0.00 37.644 -9.01403e-08 -6.08007 2.4026 228.846 0.000368241 5.98129e-06 5.00815e-06 0

0.00 38.6128 -9.15336e-08 -6.1691 2.08355 231.232 0.000368241 5.98261e-06 4.96181e-06 0

0.00 39.597 -9.29271e-08 -6.25809 1.80556 233.693 0.000368241 5.98539e-06 4.86042e-06 0

0.00 40.5967 -9.43208e-08 -6.34707 1.56361 236.162 0.000368241 5.99118e-06 4.66259e-06 0

0.00 41.6043 -9.57045e-08 -6.43536 1.35463 238.63 0.000368241 5.99763e-06 4.44735e-06 0

0.00 42.6117 -9.70676e-08 -6.5223 1.1754 241.111 0.000368241 5.99144e-06 4.21547e-06 0

0.00 43.6188 -9.84109e-08 -6.60795 1.02145 243.592 0.000368241 5.96496e-06 3.92183e-06 0

0.00 44.6258 -9.97354e-08 -6.69237 0.888992 246.076 0.000368241 5.93323e-06 3.62641e-06 0

0.00 45.6325 -1.01042e-07 -6.7756 0.774848 248.581 0.000368241 5.90872e-06 3.37272e-06 0

0.00 46.6391 -1.02331e-07 -6.85769 0.676333 251.066 0.000368241 5.89077e-06 3.14795e-06 0

0.00 47.6455 -1.03603e-07 -6.9387 0.59117 253.532 0.000368241 5.87596e-06 2.9396e-06 0

0.00 48.6518 -1.0486e-07 -7.01865 0.517437 255.997 0.000368241 5.85731e-06 2.72656e-06 0

0.00 49.6579 -1.061e-07 -7.09759 0.453506 258.462 0.000368241 5.83026e-06 2.4839e-06 0

0.00 50.6638 -1.07326e-07 -7.17556 0.397891 259.858 0.000368241 5.80274e-06 2.24764e-06 0

0.00 51.6696 -1.08538e-07 -7.25258 0.349313 260.702 0.000368241 5.77458e-06 2.02803e-06 0

0.00 52.6753 -1.09736e-07 -7.3287 0.306767 260.953 0.000368241 5.74272e-06 1.81857e-06 0

0.00 53.6808 -1.1092e-07 -7.40395 0.269394 260.314 0.000368241 5.71158e-06 1.63013e-06 0

0.00 54.6862 -1.12092e-07 -7.47834 0.236494 259.389 0.000368241 5.68279e-06 1.47556e-06 0

0.00 55.6915 -1.13251e-07 -7.55192 0.207495 257.855 0.000368241 5.65464e-06 1.35908e-06 0

0.00 56.6967 -1.14398e-07 -7.6247 0.181907 256.046 0.000368241 5.62858e-06 1.26081e-06 0

0.00 57.7018 -1.15533e-07 -7.69671 0.15934 254.349 0.000368241 5.47012e-06 1.16673e-06 0

0.00 58.7068 -1.16657e-07 -7.76798 0.139463 252.814 0.000368241 5.20811e-06 1.07751e-06 0

0.00 59.7116 -1.1777e-07 -7.83853 0.121974 251.327 0.000368241 4.87266e-06 9.98273e-07 0

0.00 60.7164 -1.18872e-07 -7.90837 0.106619 250.527 0.000368241 4.56153e-06 9.2886e-07 0

0.00 61.7211 -1.19963e-07 -7.97753 0.0931689 250.005 0.000368241 4.31243e-06 8.6861e-07 0

0.00 62.7257 -1.21045e-07 -8.04602 0.0813973 249.497 0.000368241 4.08037e-06 8.15953e-07 0

0.00 63.7302 -1.22117e-07 -8.11387 0.0710978 249.01 0.000368241 3.84833e-06 7.68585e-07 0

0.00 64.7346 -1.23179e-07 -8.1811 0.0620884 248.527 0.000368241 3.64055e-06 7.2924e-07 0

0.00 65.739 -1.24232e-07 -8.24771 0.0542115 248.193 0.000368241 3.44169e-06 6.94745e-07 0

0.00 66.7432 -1.25276e-07 -8.31373 0.0473284 247.912 0.000368241 3.26662e-06 6.44379e-07 0

0.00 67.7474 -1.26311e-07 -8.37917 0.0413124 247.392 0.000368241 3.10067e-06 5.91881e-07 0

0.00 68.7516 -1.27337e-07 -8.44404 0.0360494 246.549 0.000368241 2.93424e-06 5.48186e-07 0

0.00 69.7556 -1.28355e-07 -8.50836 0.0314431 245.625 0.000368241 2.76832e-06 5.09287e-07 0

0.00 70.7596 -1.29365e-07 -8.57215 0.0274056 243.774 0.000368241 2.88828e-06 4.69616e-07 0

0.00 71.7635 -1.30367e-07 -8.63541 0.0238608 241.626 0.000368241 3.11232e-06 4.3175e-07 0

0.00 72.7674 -1.31361e-07 -8.69816 0.0207498 239.478 0.000368241 3.36552e-06 3.97676e-07 0

0.00 73.7712 -1.32348e-07 -8.76041 0.0180228 237.33 0.000368241 3.65196e-06 3.66093e-07 0

0.00 74.7749 -1.33327e-07 -8.82216 0.0156349 235.182 0.000368241 3.94605e-06 3.45051e-07 0

0.00 75.7786 -1.34298e-07 -8.88345 0.0135463 233.018 0.000368241 4.27829e-06 3.27764e-07 0

0.00 76.7822 -1.35263e-07 -8.94426 0.0117216 230.85 0.000368241 4.63404e-06 3.19307e-07 0

0.00 77.7858 -1.36221e-07 -9.00462 0.0101295 228.683 0.000368241 5.01926e-06 3.13285e-07 0

0.00 78.7893 -1.37172e-07 -9.06453 0.00874191 226.515 0.000368241 5.43689e-06 3.07264e-07 0

0.00 79.7928 -1.38117e-07 -9.124 0.00753412 224.348 0.000368241 5.88832e-06 3.01243e-07 0

0.00 79.9994 -1.3831e-07 -9.13619 0.00730653 223.901 0.000368241 5.98274e-06 3.00003e-07 0
